-1.0812e-01,0.0000e+00,-9.9414e-01
-1.0576e-01,2.2479e-02,-9.9414e-01
-1.1102e-16,0.0000e+00,-1.0000e+00
-9.8772e-02,4.3976e-02,-9.9414e-01
-8.7470e-02,6.3551e-02,-9.9414e-01
-7.2346e-02,8.0348e-02,-9.9414e-01
-5.4060e-02,9.3634e-02,-9.9414e-01
-3.3411e-02,1.0283e-01,-9.9414e-01
-1.1302e-02,1.0753e-01,-9.9414e-01
1.1302e-02,1.0753e-01,-9.9414e-01
3.3411e-02,1.0283e-01,-9.9414e-01
5.4060e-02,9.3634e-02,-9.9414e-01
7.2346e-02,8.0348e-02,-9.9414e-01
8.7470e-02,6.3551e-02,-9.9414e-01
9.8772e-02,4.3976e-02,-9.9414e-01
1.0576e-01,2.2479e-02,-9.9414e-01
1.0812e-01,1.3241e-17,-9.9414e-01
1.0576e-01,-2.2479e-02,-9.9414e-01
9.8772e-02,-4.3976e-02,-9.9414e-01
8.7470e-02,-6.3551e-02,-9.9414e-01
7.2346e-02,-8.0348e-02,-9.9414e-01
5.4060e-02,-9.3634e-02,-9.9414e-01
3.3411e-02,-1.0283e-01,-9.9414e-01
1.1302e-02,-1.0753e-01,-9.9414e-01
-1.1302e-02,-1.0753e-01,-9.9414e-01
-3.3411e-02,-1.0283e-01,-9.9414e-01
-5.4060e-02,-9.3634e-02,-9.9414e-01
-7.2346e-02,-8.0348e-02,-9.9414e-01
-8.7470e-02,-6.3551e-02,-9.9414e-01
-9.8772e-02,-4.3976e-02,-9.9414e-01
-1.0576e-01,-2.2479e-02,-9.9414e-01
-1.0812e-01,0.0000e+00,9.9414e-01
1.1102e-16,0.0000e+00,1.0000e+00
-1.0576e-01,2.2479e-02,9.9414e-01
-9.8772e-02,4.3976e-02,9.9414e-01
-8.7470e-02,6.3551e-02,9.9414e-01
-7.2346e-02,8.0348e-02,9.9414e-01
-5.4060e-02,9.3634e-02,9.9414e-01
-3.3411e-02,1.0283e-01,9.9414e-01
-1.1302e-02,1.0753e-01,9.9414e-01
1.1302e-02,1.0753e-01,9.9414e-01
3.3411e-02,1.0283e-01,9.9414e-01
5.4060e-02,9.3634e-02,9.9414e-01
7.2346e-02,8.0348e-02,9.9414e-01
8.7470e-02,6.3551e-02,9.9414e-01
9.8772e-02,4.3976e-02,9.9414e-01
1.0576e-01,2.2479e-02,9.9414e-01
1.0812e-01,1.3241e-17,9.9414e-01
1.0576e-01,-2.2479e-02,9.9414e-01
9.8772e-02,-4.3976e-02,9.9414e-01
8.7470e-02,-6.3551e-02,9.9414e-01
7.2346e-02,-8.0348e-02,9.9414e-01
5.4060e-02,-9.3634e-02,9.9414e-01
3.3411e-02,-1.0283e-01,9.9414e-01
1.1302e-02,-1.0753e-01,9.9414e-01
-1.1302e-02,-1.0753e-01,9.9414e-01
-3.3411e-02,-1.0283e-01,9.9414e-01
-5.4060e-02,-9.3634e-02,9.9414e-01
-7.2346e-02,-8.0348e-02,9.9414e-01
-8.7470e-02,-6.3551e-02,9.9414e-01
-9.8772e-02,-4.3976e-02,9.9414e-01
-1.0576e-01,-2.2479e-02,9.9414e-01
-2.1497e-01,0.0000e+00,-9.7662e-01
-2.1027e-01,4.4695e-02,-9.7662e-01
-3.1930e-01,0.0000e+00,-9.4765e-01
-3.1232e-01,6.6387e-02,-9.4765e-01
-4.1989e-01,0.0000e+00,-9.0758e-01
-4.1071e-01,8.7300e-02,-9.0758e-01
-5.1555e-01,0.0000e+00,-8.5686e-01
-5.0429e-01,1.0719e-01,-8.5686e-01
-6.0517e-01,0.0000e+00,-7.9609e-01
-5.9195e-01,1.2582e-01,-7.9609e-01
-6.8770e-01,0.0000e+00,-7.2600e-01
-6.7267e-01,1.4298e-01,-7.2600e-01
-7.6216e-01,0.0000e+00,-6.4739e-01
-7.4551e-01,1.5846e-01,-6.4739e-01
-8.2769e-01,0.0000e+00,-5.6119e-01
-8.0960e-01,1.7209e-01,-5.6119e-01
-8.8351e-01,0.0000e+00,-4.6841e-01
-8.6421e-01,1.8369e-01,-4.6841e-01
-9.2898e-01,0.0000e+00,-3.7014e-01
-9.0868e-01,1.9315e-01,-3.7014e-01
-9.6355e-01,0.0000e+00,-2.6753e-01
-9.4249e-01,2.0033e-01,-2.6753e-01
-9.6526e-01,2.0517e-01,-1.6178e-01
-9.8683e-01,0.0000e+00,-1.6178e-01
-9.9359e-01,-2.7756e-17,-9.9581e-02
-9.8203e-01,9.8530e-02,-1.1069e-01
-9.7120e-01,1.9077e-01,-1.2110e-01
-9.7093e-01,2.0638e-01,-1.0847e-01
-8.8351e-01,0.0000e+00,4.6841e-01
-8.6421e-01,1.8369e-01,4.6841e-01
-8.9670e-01,5.5511e-17,4.3991e-01
-8.9227e-01,1.0411e-01,4.2583e-01
-8.8866e-01,1.8889e-01,4.1437e-01
-8.2769e-01,0.0000e+00,5.6119e-01
-8.0960e-01,1.7209e-01,5.6119e-01
-7.6216e-01,0.0000e+00,6.4739e-01
-7.4551e-01,1.5846e-01,6.4739e-01
-6.8770e-01,0.0000e+00,7.2600e-01
-6.7267e-01,1.4298e-01,7.2600e-01
-6.0517e-01,0.0000e+00,7.9609e-01
-5.9195e-01,1.2582e-01,7.9609e-01
-5.1555e-01,0.0000e+00,8.5686e-01
-5.0429e-01,1.0719e-01,8.5686e-01
-4.1989e-01,0.0000e+00,9.0758e-01
-4.1071e-01,8.7300e-02,9.0758e-01
-3.1930e-01,0.0000e+00,9.4765e-01
-3.1232e-01,6.6387e-02,9.4765e-01
-2.1497e-01,0.0000e+00,9.7662e-01
-2.1027e-01,4.4695e-02,9.7662e-01
-1.9639e-01,8.7436e-02,-9.7662e-01
-2.9170e-01,1.2987e-01,-9.4765e-01
-3.8359e-01,1.7078e-01,-9.0758e-01
-4.7098e-01,2.0969e-01,-8.5686e-01
-5.5285e-01,2.4615e-01,-7.9609e-01
-6.2824e-01,2.7971e-01,-7.2600e-01
-6.9627e-01,3.1000e-01,-6.4739e-01
-7.5613e-01,3.3665e-01,-5.6119e-01
-8.0713e-01,3.5936e-01,-4.6841e-01
-8.4866e-01,3.7785e-01,-3.7014e-01
-8.8025e-01,3.9191e-01,-2.6753e-01
-9.0151e-01,4.0138e-01,-1.6178e-01
-9.1221e-01,4.0614e-01,-5.4139e-02
-9.6079e-01,2.5662e-01,-5.4139e-02
-9.1221e-01,4.0614e-01,5.4139e-02
-9.4867e-01,2.9390e-01,-7.0759e-03
-9.3292e-01,3.4239e-01,5.4139e-02
-9.0151e-01,4.0138e-01,1.6178e-01
-9.1350e-01,3.7048e-01,1.4462e-01
-9.1280e-01,3.6663e-01,1.6178e-01
-9.1496e-01,3.7849e-01,1.0889e-01
-8.8025e-01,3.9191e-01,2.6753e-01
-9.0403e-01,3.3966e-01,2.3794e-01
-9.0063e-01,3.2919e-01,2.6753e-01
-8.4866e-01,3.7785e-01,3.7014e-01
-8.8942e-01,3.0074e-01,3.2556e-01
-8.8082e-01,2.7888e-01,3.7014e-01
-8.0713e-01,3.5936e-01,4.6841e-01
-8.8101e-01,2.3843e-01,3.9691e-01
-8.7635e-01,2.6861e-01,3.8627e-01
-7.5613e-01,3.3665e-01,5.6119e-01
-6.9627e-01,3.1000e-01,6.4739e-01
-6.2824e-01,2.7971e-01,7.2600e-01
-5.5285e-01,2.4615e-01,7.9609e-01
-4.7098e-01,2.0969e-01,8.5686e-01
-3.8359e-01,1.7078e-01,9.0758e-01
-2.9170e-01,1.2987e-01,9.4765e-01
-1.9639e-01,8.7436e-02,9.7662e-01
-1.7391e-01,1.2636e-01,-9.7662e-01
-2.5832e-01,1.8768e-01,-9.4765e-01
-3.3970e-01,2.4680e-01,-9.0758e-01
-4.1709e-01,3.0303e-01,-8.5686e-01
-4.8960e-01,3.5571e-01,-7.9609e-01
-5.5636e-01,4.0422e-01,-7.2600e-01
-6.1660e-01,4.4799e-01,-6.4739e-01
-6.6961e-01,4.8650e-01,-5.6119e-01
-7.1478e-01,5.1932e-01,-4.6841e-01
-7.5156e-01,5.4604e-01,-3.7014e-01
-7.7953e-01,5.6636e-01,-2.6753e-01
-7.9836e-01,5.8004e-01,-1.6178e-01
-8.0783e-01,5.8692e-01,-5.4139e-02
-8.0783e-01,5.8692e-01,5.4139e-02
-7.9836e-01,5.8004e-01,1.6178e-01
-7.7953e-01,5.6636e-01,2.6753e-01
-7.5156e-01,5.4604e-01,3.7014e-01
-7.1478e-01,5.1932e-01,4.6841e-01
-6.6961e-01,4.8650e-01,5.6119e-01
-6.1660e-01,4.4799e-01,6.4739e-01
-5.5636e-01,4.0422e-01,7.2600e-01
-4.8960e-01,3.5571e-01,7.9609e-01
-4.1709e-01,3.0303e-01,8.5686e-01
-3.3970e-01,2.4680e-01,9.0758e-01
-2.5832e-01,1.8768e-01,9.4765e-01
-1.7391e-01,1.2636e-01,9.7662e-01
-1.4384e-01,1.5975e-01,-9.7662e-01
-2.1365e-01,2.3729e-01,-9.4765e-01
-2.8096e-01,3.1204e-01,-9.0758e-01
-3.4497e-01,3.8313e-01,-8.5686e-01
-4.0569e-01,4.4072e-01,-7.9983e-01
-4.1139e-01,4.4257e-01,-7.9609e-01
-3.9383e-01,4.3686e-01,-8.0759e-01
-3.9349e-01,4.3701e-01,-8.0770e-01
-4.6891e-01,4.6487e-01,-7.4684e-01
-4.9325e-01,4.7431e-01,-7.2600e-01
-5.3122e-01,4.9214e-01,-6.8338e-01
-5.6328e-01,5.0721e-01,-6.4739e-01
-5.8874e-01,5.2215e-01,-6.0913e-01
-5.9725e-01,5.6688e-01,-5.6119e-01
-5.9948e-01,5.2846e-01,-5.9299e-01
-5.9118e-01,6.5658e-01,-4.6841e-01
-5.8180e-01,6.4616e-01,-4.9171e-01
-6.2161e-01,6.9036e-01,-3.7014e-01
-6.4474e-01,7.1606e-01,-2.6753e-01
-6.6032e-01,7.3336e-01,-1.6178e-01
-6.6815e-01,7.4205e-01,-5.4139e-02
-6.6815e-01,7.4205e-01,5.4139e-02
-6.6032e-01,7.3336e-01,1.6178e-01
-6.4474e-01,7.1606e-01,2.6753e-01
-6.2161e-01,6.9036e-01,3.7014e-01
-5.9118e-01,6.5658e-01,4.6841e-01
-5.5383e-01,6.1509e-01,5.6119e-01
-5.0999e-01,5.6640e-01,6.4739e-01
-4.6016e-01,5.1106e-01,7.2600e-01
-4.0494e-01,4.4973e-01,7.9609e-01
-3.4497e-01,3.8313e-01,8.5686e-01
-2.8096e-01,3.1204e-01,9.0758e-01
-2.1365e-01,2.3729e-01,9.4765e-01
-1.4384e-01,1.5975e-01,9.7662e-01
-1.0749e-01,1.8617e-01,-9.7662e-01
-1.5965e-01,2.7652e-01,-9.4765e-01
-2.0994e-01,3.6363e-01,-9.0758e-01
-2.5778e-01,4.4648e-01,-8.5686e-01
-3.1846e-01,4.7131e-01,-8.1885e-01
-2.8179e-01,4.8807e-01,-8.2430e-01
-5.7183e-01,6.7064e-01,-4.6841e-01
-5.5627e-01,6.9735e-01,-4.4132e-01
-4.6449e-01,8.0452e-01,-3.7014e-01
-4.8727e-01,7.7791e-01,-3.8781e-01
-5.2646e-01,7.4851e-01,-3.8945e-01
-4.6066e-01,7.9788e-01,-3.8670e-01
-4.8177e-01,8.3446e-01,-2.6753e-01
-4.9341e-01,8.5462e-01,-1.6178e-01
-4.9927e-01,8.6476e-01,-5.4139e-02
-4.9927e-01,8.6476e-01,5.4139e-02
-4.9341e-01,8.5462e-01,1.6178e-01
-4.8177e-01,8.3446e-01,2.6753e-01
-4.6449e-01,8.0452e-01,3.7014e-01
-4.4176e-01,7.6514e-01,4.6841e-01
-4.1384e-01,7.1680e-01,5.6119e-01
-3.8108e-01,6.6005e-01,6.4739e-01
-3.4385e-01,5.9557e-01,7.2600e-01
-3.0259e-01,5.2410e-01,7.9609e-01
-2.5778e-01,4.4648e-01,8.5686e-01
-2.0994e-01,3.6363e-01,9.0758e-01
-1.5965e-01,2.7652e-01,9.4765e-01
-1.0749e-01,1.8617e-01,9.7662e-01
-6.6430e-02,2.0445e-01,-9.7662e-01
-9.8670e-02,3.0367e-01,-9.4765e-01
-1.2975e-01,3.9934e-01,-9.0758e-01
-1.5931e-01,4.9032e-01,-8.5686e-01
-2.1888e-01,5.1743e-01,-8.2346e-01
-1.7481e-01,5.3800e-01,-8.2287e-01
-2.8707e-01,8.8351e-01,-3.7014e-01
-3.1986e-01,8.5842e-01,-3.9097e-01
-2.8394e-01,8.7386e-01,-3.9206e-01
-2.9775e-01,9.1639e-01,-2.6753e-01
-3.0495e-01,9.3853e-01,-1.6178e-01
-3.0856e-01,9.4966e-01,-5.4139e-02
-3.0856e-01,9.4966e-01,5.4139e-02
-3.0495e-01,9.3853e-01,1.6178e-01
-2.9775e-01,9.1639e-01,2.6753e-01
-2.8707e-01,8.8351e-01,3.7014e-01
-2.7302e-01,8.4027e-01,4.6841e-01
-2.5577e-01,7.8718e-01,5.6119e-01
-2.3552e-01,7.2486e-01,6.4739e-01
-2.1251e-01,6.5404e-01,7.2600e-01
-1.8701e-01,5.7555e-01,7.9609e-01
-1.5931e-01,4.9032e-01,8.5686e-01
-1.2975e-01,3.9934e-01,9.0758e-01
-9.8670e-02,3.0367e-01,9.4765e-01
-6.6430e-02,2.0445e-01,9.7662e-01
-2.2471e-02,2.1379e-01,-9.7662e-01
-3.3376e-02,3.1755e-01,-9.4765e-01
-4.3890e-02,4.1759e-01,-9.0758e-01
-5.3890e-02,5.1273e-01,-8.5686e-01
-1.1089e-01,5.6845e-01,-8.1162e-01
-9.9724e-02,5.9411e-01,-7.9609e-01
-6.3258e-02,6.0186e-01,-7.9609e-01
-7.0507e-02,6.7083e-01,-7.3718e-01
-9.2352e-02,8.7867e-01,-4.6841e-01
-1.4278e-01,8.5044e-01,-4.9704e-01
-1.7130e-01,8.6189e-01,-4.6841e-01
-8.7033e-02,8.2807e-01,-5.5298e-01
-9.7105e-02,9.2389e-01,-3.7014e-01
-2.0859e-01,8.7090e-01,-4.3241e-01
-2.4700e-01,8.8018e-01,-3.9533e-01
-1.0072e-01,9.5827e-01,-2.6753e-01
-1.0315e-01,9.8142e-01,-1.6178e-01
-1.0438e-01,9.9306e-01,-5.4139e-02
-1.0438e-01,9.9306e-01,5.4139e-02
-1.0315e-01,9.8142e-01,1.6178e-01
-1.7898e-01,9.5071e-01,2.2700e-01
-2.5099e-01,9.2633e-01,2.6753e-01
-1.0264e-01,9.7655e-01,1.8405e-01
-2.7177e-01,9.1736e-01,2.8082e-01
-2.7286e-01,8.8653e-01,3.7014e-01
-2.7175e-01,9.1768e-01,2.7988e-01
-2.7222e-01,8.8314e-01,3.7763e-01
-2.6448e-01,8.4208e-01,4.6841e-01
-2.6358e-01,8.3940e-01,4.7311e-01
-9.9502e-02,8.2039e-01,5.6119e-01
-2.6331e-01,8.3861e-01,4.7449e-01
-7.9668e-02,7.5799e-01,6.4739e-01
-8.6026e-02,8.1848e-01,5.6737e-01
-7.1884e-02,6.8393e-01,7.2600e-01
-6.3258e-02,6.0186e-01,7.9609e-01
-5.3890e-02,5.1273e-01,8.5686e-01
-4.3890e-02,4.1759e-01,9.0758e-01
-3.3376e-02,3.1755e-01,9.4765e-01
-2.2471e-02,2.1379e-01,9.7662e-01
2.2471e-02,2.1379e-01,-9.7662e-01
3.3376e-02,3.1755e-01,-9.4765e-01
4.3890e-02,4.1759e-01,-9.0758e-01
5.3890e-02,5.1273e-01,-8.5686e-01
6.3258e-02,6.0186e-01,-7.9609e-01
7.1884e-02,6.8393e-01,-7.2600e-01
-6.5899e-02,6.8393e-01,-7.2600e-01
7.9668e-02,7.5799e-01,-6.4739e-01
-6.4941e-02,6.8733e-01,-7.2239e-01
-4.4991e-02,7.5799e-01,-6.4739e-01
8.6517e-02,8.2315e-01,-5.6119e-01
-3.8888e-02,7.8933e-01,-6.0593e-01
-7.9281e-02,8.2315e-01,-5.6119e-01
-4.2124e-02,7.7271e-01,-6.2791e-01
9.2352e-02,8.7867e-01,-4.6841e-01
-8.1660e-02,8.2466e-01,-5.5867e-01
9.7105e-02,9.2389e-01,-3.7014e-01
1.0072e-01,9.5827e-01,-2.6753e-01
1.0315e-01,9.8142e-01,-1.6178e-01
1.0438e-01,9.9306e-01,-5.4139e-02
1.0438e-01,9.9306e-01,5.4139e-02
1.0315e-01,9.8142e-01,1.6178e-01
-9.6201e-02,9.7720e-01,1.8106e-01
7.3059e-02,9.5827e-01,2.6753e-01
1.0072e-01,9.5827e-01,2.6753e-01
9.0180e-02,9.5522e-01,2.7664e-01
9.7688e-02,9.2944e-01,3.5358e-01
8.6517e-02,8.2315e-01,5.6119e-01
1.1584e-02,8.4641e-01,5.2232e-01
-5.8377e-02,8.2315e-01,5.6119e-01
9.1763e-02,8.7307e-01,4.7778e-01
7.9668e-02,7.5799e-01,6.4739e-01
-7.2928e-02,8.1783e-01,5.6824e-01
-7.6689e-02,8.1645e-01,5.7006e-01
7.1884e-02,6.8393e-01,7.2600e-01
6.3258e-02,6.0186e-01,7.9609e-01
5.3890e-02,5.1273e-01,8.5686e-01
4.3890e-02,4.1759e-01,9.0758e-01
3.3376e-02,3.1755e-01,9.4765e-01
2.2471e-02,2.1379e-01,9.7662e-01
6.6430e-02,2.0445e-01,-9.7662e-01
9.8670e-02,3.0367e-01,-9.4765e-01
1.2975e-01,3.9934e-01,-9.0758e-01
1.5931e-01,4.9032e-01,-8.5686e-01
1.8701e-01,5.7555e-01,-7.9609e-01
2.1251e-01,6.5404e-01,-7.2600e-01
2.3552e-01,7.2486e-01,-6.4739e-01
2.5577e-01,7.8718e-01,-5.6119e-01
2.7302e-01,8.4027e-01,-4.6841e-01
2.8707e-01,8.8351e-01,-3.7014e-01
2.9775e-01,9.1639e-01,-2.6753e-01
3.0495e-01,9.3853e-01,-1.6178e-01
3.0856e-01,9.4966e-01,-5.4139e-02
3.0856e-01,9.4966e-01,5.4139e-02
3.0495e-01,9.3853e-01,1.6178e-01
2.9775e-01,9.1639e-01,2.6753e-01
2.8707e-01,8.8351e-01,3.7014e-01
9.9054e-02,9.2347e-01,3.7014e-01
9.9070e-02,9.2295e-01,3.7124e-01
1.0046e-01,8.7695e-01,4.6841e-01
2.7302e-01,8.4027e-01,4.6841e-01
2.5577e-01,7.8718e-01,5.6119e-01
9.9156e-02,8.7486e-01,4.7227e-01
1.0028e-01,8.7513e-01,4.7144e-01
2.3552e-01,7.2486e-01,6.4739e-01
2.1251e-01,6.5404e-01,7.2600e-01
1.8701e-01,5.7555e-01,7.9609e-01
1.5931e-01,4.9032e-01,8.5686e-01
1.2975e-01,3.9934e-01,9.0758e-01
9.8670e-02,3.0367e-01,9.4765e-01
6.6430e-02,2.0445e-01,9.7662e-01
1.0749e-01,1.8617e-01,-9.7662e-01
1.5965e-01,2.7652e-01,-9.4765e-01
2.0994e-01,3.6363e-01,-9.0758e-01
2.5778e-01,4.4648e-01,-8.5686e-01
3.0259e-01,5.2410e-01,-7.9609e-01
3.4385e-01,5.9557e-01,-7.2600e-01
3.8108e-01,6.6005e-01,-6.4739e-01
4.1384e-01,7.1680e-01,-5.6119e-01
4.4176e-01,7.6514e-01,-4.6841e-01
4.6449e-01,8.0452e-01,-3.7014e-01
4.8177e-01,8.3446e-01,-2.6753e-01
4.9341e-01,8.5462e-01,-1.6178e-01
4.9927e-01,8.6476e-01,-5.4139e-02
4.9927e-01,8.6476e-01,5.4139e-02
4.9341e-01,8.5462e-01,1.6178e-01
4.8177e-01,8.3446e-01,2.6753e-01
4.6449e-01,8.0452e-01,3.7014e-01
4.4176e-01,7.6514e-01,4.6841e-01
4.1384e-01,7.1680e-01,5.6119e-01
3.8108e-01,6.6005e-01,6.4739e-01
3.4385e-01,5.9557e-01,7.2600e-01
3.0259e-01,5.2410e-01,7.9609e-01
2.5778e-01,4.4648e-01,8.5686e-01
2.0994e-01,3.6363e-01,9.0758e-01
1.5965e-01,2.7652e-01,9.4765e-01
1.0749e-01,1.8617e-01,9.7662e-01
1.4384e-01,1.5975e-01,-9.7662e-01
2.1365e-01,2.3729e-01,-9.4765e-01
2.8096e-01,3.1204e-01,-9.0758e-01
3.4497e-01,3.8313e-01,-8.5686e-01
4.0494e-01,4.4973e-01,-7.9609e-01
4.6016e-01,5.1106e-01,-7.2600e-01
5.0999e-01,5.6640e-01,-6.4739e-01
5.5383e-01,6.1509e-01,-5.6119e-01
5.9118e-01,6.5658e-01,-4.6841e-01
6.2161e-01,6.9036e-01,-3.7014e-01
6.4474e-01,7.1606e-01,-2.6753e-01
6.6032e-01,7.3336e-01,-1.6178e-01
6.6815e-01,7.4205e-01,-5.4139e-02
6.6815e-01,7.4205e-01,5.4139e-02
6.6032e-01,7.3336e-01,1.6178e-01
6.4474e-01,7.1606e-01,2.6753e-01
6.2161e-01,6.9036e-01,3.7014e-01
5.9118e-01,6.5658e-01,4.6841e-01
5.5383e-01,6.1509e-01,5.6119e-01
5.0999e-01,5.6640e-01,6.4739e-01
4.6016e-01,5.1106e-01,7.2600e-01
4.0494e-01,4.4973e-01,7.9609e-01
3.4497e-01,3.8313e-01,8.5686e-01
2.8096e-01,3.1204e-01,9.0758e-01
2.1365e-01,2.3729e-01,9.4765e-01
1.4384e-01,1.5975e-01,9.7662e-01
1.7391e-01,1.2636e-01,-9.7662e-01
2.2244e-01,1.7893e-01,-9.5673e-01
2.3920e-01,2.0891e-01,-9.4765e-01
2.0613e-01,1.4976e-01,-9.6556e-01
2.6119e-01,2.4088e-01,-9.3254e-01
2.9751e-01,2.9366e-01,-9.0758e-01
3.1153e-01,3.1002e-01,-8.9619e-01
3.5995e-01,3.6649e-01,-8.5686e-01
3.7343e-01,3.7774e-01,-8.4490e-01
4.6398e-01,3.8416e-01,-7.9609e-01
3.7218e-01,3.7765e-01,-8.4557e-01
5.5636e-01,4.0422e-01,-7.2600e-01
5.2424e-01,3.8088e-01,-7.5972e-01
6.1660e-01,4.4799e-01,-6.4739e-01
6.6961e-01,4.8650e-01,-5.6119e-01
7.1478e-01,5.1932e-01,-4.6841e-01
7.5156e-01,5.4604e-01,-3.7014e-01
7.7953e-01,5.6636e-01,-2.6753e-01
7.9836e-01,5.8004e-01,-1.6178e-01
8.0783e-01,5.8692e-01,-5.4139e-02
8.0783e-01,5.8692e-01,5.4139e-02
7.9836e-01,5.8004e-01,1.6178e-01
7.7953e-01,5.6636e-01,2.6753e-01
7.5156e-01,5.4604e-01,3.7014e-01
7.1478e-01,5.1932e-01,4.6841e-01
6.6961e-01,4.8650e-01,5.6119e-01
6.1660e-01,4.4799e-01,6.4739e-01
5.5636e-01,4.0422e-01,7.2600e-01
4.8960e-01,3.5571e-01,7.9609e-01
4.1709e-01,3.0303e-01,8.5686e-01
3.3970e-01,2.4680e-01,9.0758e-01
2.5832e-01,1.8768e-01,9.4765e-01
1.7391e-01,1.2636e-01,9.7662e-01
1.7259e-01,8.2218e-02,-9.8045e-01
1.8418e-01,1.0858e-01,-9.7662e-01
1.6965e-01,7.5535e-02,-9.8142e-01
1.9397e-01,1.2696e-01,-9.7169e-01
5.7493e-01,3.7205e-01,-7.2600e-01
6.3198e-01,3.5330e-01,-6.8351e-01
6.8048e-01,3.3735e-01,-6.4739e-01
7.5613e-01,3.3665e-01,-5.6119e-01
7.1558e-01,3.1860e-01,-6.1958e-01
7.1298e-01,3.2160e-01,-6.2057e-01
8.0713e-01,3.5936e-01,-4.6841e-01
7.8323e-01,4.4699e-01,-4.1817e-01
7.6463e-01,5.2340e-01,-3.7014e-01
7.6148e-01,5.1935e-01,-3.8046e-01
8.0927e-01,3.6031e-01,-4.6333e-01
7.6775e-01,5.2664e-01,-3.5722e-01
7.8944e-01,5.4920e-01,-2.6753e-01
7.9130e-01,5.5044e-01,-2.5732e-01
8.0876e-01,5.6203e-01,-1.6178e-01
8.1017e-01,5.6201e-01,-1.5062e-01
8.8734e-01,4.4920e-01,-5.4139e-02
8.1047e-01,5.6200e-01,-1.4823e-01
9.1221e-01,4.0614e-01,5.4139e-02
9.1221e-01,4.0614e-01,-2.2030e-02
9.0151e-01,4.0138e-01,1.6178e-01
8.8025e-01,3.9191e-01,2.6753e-01
8.4866e-01,3.7785e-01,3.7014e-01
8.0713e-01,3.5936e-01,4.6841e-01
7.5613e-01,3.3665e-01,5.6119e-01
6.9627e-01,3.1000e-01,6.4739e-01
6.2824e-01,2.7971e-01,7.2600e-01
5.5285e-01,2.4615e-01,7.9609e-01
4.7098e-01,2.0969e-01,8.5686e-01
3.8359e-01,1.7078e-01,9.0758e-01
2.9170e-01,1.2987e-01,9.4765e-01
1.9639e-01,8.7436e-02,9.7662e-01
1.6004e-01,5.2519e-02,-9.8410e-01
1.6139e-01,4.4380e-02,-9.8430e-01
1.6300e-01,3.4646e-02,-9.8454e-01
8.0960e-01,1.7209e-01,-5.6119e-01
7.6522e-01,2.2609e-01,-5.9494e-01
7.9578e-01,1.6915e-01,-5.7978e-01
8.1245e-01,3.4297e-01,-4.6841e-01
8.1840e-01,3.0680e-01,-4.7764e-01
8.2893e-01,2.9227e-01,-4.6841e-01
8.6421e-01,1.8369e-01,-4.6841e-01
8.1044e-01,3.5393e-01,-4.6520e-01
8.9717e-01,1.9070e-01,-3.9556e-01
9.7671e-01,2.0761e-01,-5.4139e-02
9.6013e-01,2.5034e-01,-7.7877e-02
9.4616e-01,3.0164e-01,-5.4139e-02
9.7204e-01,2.0661e-01,-9.8109e-02
9.7671e-01,2.0761e-01,5.4139e-02
9.2736e-01,3.5949e-01,-2.8697e-02
9.1684e-01,3.9187e-01,-1.4456e-02
9.6526e-01,2.0517e-01,1.6178e-01
9.4249e-01,2.0033e-01,2.6753e-01
9.0868e-01,1.9315e-01,3.7014e-01
8.6421e-01,1.8369e-01,4.6841e-01
8.0960e-01,1.7209e-01,5.6119e-01
7.4551e-01,1.5846e-01,6.4739e-01
6.7267e-01,1.4298e-01,7.2600e-01
5.9344e-01,1.3214e-01,7.9322e-01
5.8886e-01,1.3532e-01,7.9609e-01
6.0006e-01,1.2755e-01,7.8905e-01
5.2659e-01,1.7100e-01,8.2895e-01
4.7422e-01,1.9974e-01,8.5686e-01
4.7541e-01,2.0032e-01,8.5596e-01
4.6278e-01,1.9303e-01,8.6376e-01
3.9019e-01,1.5047e-01,9.0758e-01
3.5196e-01,1.2446e-01,9.2536e-01
3.0405e-01,9.1845e-02,9.4765e-01
2.1027e-01,4.4695e-02,9.7662e-01
2.7255e-01,6.7542e-02,9.5811e-01
2.7176e-01,5.7764e-02,9.5917e-01
1.6779e-01,9.7106e-03,-9.8419e-01
1.6966e-01,2.4286e-17,-9.8405e-01
8.1903e-01,8.2391e-02,-5.6119e-01
8.8351e-01,1.0820e-16,-4.6841e-01
8.3794e-01,1.1102e-16,-5.4415e-01
9.2898e-01,1.1377e-16,-3.7014e-01
9.1181e-01,1.6331e-01,-3.7014e-01
9.6355e-01,1.1800e-16,-2.6753e-01
9.2420e-01,1.3851e-01,-3.4111e-01
9.4790e-01,1.4892e-01,-2.6753e-01
9.2334e-01,1.3813e-01,-3.4379e-01
9.8683e-01,1.2085e-16,-1.6178e-01
9.5285e-01,1.5353e-01,-2.4282e-01
9.6910e-01,1.6865e-01,-1.6178e-01
9.9853e-01,1.2229e-16,-5.4139e-02
9.7055e-01,1.7258e-01,-1.4468e-01
9.7321e-01,1.7981e-01,-1.1318e-01
9.9853e-01,1.2229e-16,5.4139e-02
9.8683e-01,1.2085e-16,1.6178e-01
9.6355e-01,1.1800e-16,2.6753e-01
9.2898e-01,1.1377e-16,3.7014e-01
8.8351e-01,1.0820e-16,4.6841e-01
8.2769e-01,1.0136e-16,5.6119e-01
7.6216e-01,9.3338e-17,6.4739e-01
6.8770e-01,8.4219e-17,7.2600e-01
6.4643e-01,8.7383e-02,7.5325e-01
6.6819e-01,6.8534e-02,7.3645e-01
6.7696e-01,1.2490e-16,7.3512e-01
2.1497e-01,2.6326e-17,9.7662e-01
2.7053e-01,3.7883e-02,9.6009e-01
2.6818e-01,2.4286e-17,9.6185e-01
1.7617e-01,-2.9772e-02,-9.8247e-01
1.7792e-01,-3.7819e-02,-9.8204e-01
8.0960e-01,-1.7209e-01,-5.6119e-01
8.0576e-01,-1.5816e-01,-5.6816e-01
8.1313e-01,-1.3856e-01,-5.6119e-01
8.0121e-01,-1.7030e-01,-5.7248e-01
8.6421e-01,-1.8369e-01,-4.6841e-01
8.3752e-01,-4.9478e-02,-5.3620e-01
8.3744e-01,-5.9906e-02,-5.3452e-01
9.0868e-01,-1.9315e-01,-3.7014e-01
9.4249e-01,-2.0033e-01,-2.6753e-01
9.6526e-01,-2.0517e-01,-1.6178e-01
9.7671e-01,-2.0761e-01,-5.4139e-02
9.7671e-01,-2.0761e-01,5.4139e-02
9.6526e-01,-2.0517e-01,1.6178e-01
9.4249e-01,-2.0033e-01,2.6753e-01
9.0868e-01,-1.9315e-01,3.7014e-01
8.6421e-01,-1.8369e-01,4.6841e-01
8.0960e-01,-1.7209e-01,5.6119e-01
7.4551e-01,-1.5846e-01,6.4739e-01
6.7267e-01,-1.4298e-01,7.2600e-01
6.7645e-01,-1.4780e-02,7.3423e-01
6.7207e-01,-1.4285e-01,7.2652e-01
2.1027e-01,-4.4695e-02,9.7662e-01
2.6729e-01,-2.1320e-02,9.6147e-01
2.6583e-01,-5.6505e-02,9.6085e-01
1.8863e-01,-8.1875e-02,-9.7812e-01
1.8920e-01,-8.4237e-02,-9.7791e-01
7.5613e-01,-3.3665e-01,-5.6119e-01
7.5074e-01,-2.4616e-01,-6.0496e-01
7.0552e-01,-3.1412e-01,-6.3406e-01
8.0713e-01,-3.5936e-01,-4.6841e-01
8.4866e-01,-3.7785e-01,-3.7014e-01
8.8025e-01,-3.9191e-01,-2.6753e-01
9.0151e-01,-4.0138e-01,-1.6178e-01
9.1221e-01,-4.0614e-01,-5.4139e-02
9.1221e-01,-4.0614e-01,5.4139e-02
9.0151e-01,-4.0138e-01,1.6178e-01
8.8025e-01,-3.9191e-01,2.6753e-01
8.4866e-01,-3.7785e-01,3.7014e-01
8.0713e-01,-3.5936e-01,4.6841e-01
7.5613e-01,-3.3665e-01,5.6119e-01
6.9627e-01,-3.1000e-01,6.4739e-01
6.7105e-01,-1.4798e-01,7.2600e-01
6.6135e-01,-1.9222e-01,7.2127e-01
6.5460e-01,-1.9861e-01,7.2600e-01
6.2824e-01,-2.7971e-01,7.2600e-01
6.7192e-01,-1.4363e-01,7.2644e-01
5.7983e-01,-2.5816e-01,7.7101e-01
1.9639e-01,-8.7436e-02,9.7662e-01
2.6544e-01,-7.4899e-02,9.5937e-01
2.6452e-01,-1.1777e-01,9.5591e-01
1.7391e-01,-1.2636e-01,-9.7662e-01
1.9203e-01,-9.4972e-02,-9.7662e-01
2.1150e-01,-1.5366e-01,-9.6372e-01
5.5636e-01,-4.0422e-01,-7.2600e-01
5.5611e-01,-3.9309e-01,-7.3093e-01
5.6274e-01,-3.9316e-01,-7.2600e-01
5.4079e-01,-3.9290e-01,-7.4235e-01
6.2103e-01,-3.8406e-01,-6.7725e-01
6.2787e-01,-3.8299e-01,-6.7153e-01
6.1660e-01,-4.4799e-01,-6.4739e-01
6.7910e-01,-3.3975e-01,-6.4739e-01
6.6961e-01,-4.8650e-01,-5.6119e-01
6.9395e-01,-3.2534e-01,-6.3990e-01
7.1478e-01,-5.1932e-01,-4.6841e-01
7.5156e-01,-5.4604e-01,-3.7014e-01
7.7953e-01,-5.6636e-01,-2.6753e-01
7.9836e-01,-5.8004e-01,-1.6178e-01
8.0783e-01,-5.8692e-01,-5.4139e-02
8.0783e-01,-5.8692e-01,5.4139e-02
7.9836e-01,-5.8004e-01,1.6178e-01
7.7953e-01,-5.6636e-01,2.6753e-01
7.5156e-01,-5.4604e-01,3.7014e-01
7.1478e-01,-5.1932e-01,4.6841e-01
6.6961e-01,-4.8650e-01,5.6119e-01
6.1660e-01,-4.4799e-01,6.4739e-01
5.5636e-01,-4.0422e-01,7.2600e-01
4.8960e-01,-3.5571e-01,7.9609e-01
5.2758e-01,-2.8992e-01,7.9609e-01
4.1709e-01,-3.0303e-01,8.5686e-01
4.1807e-01,-3.0262e-01,8.5642e-01
4.1750e-01,-3.0233e-01,8.5686e-01
4.6001e-01,-3.2438e-01,8.2424e-01
4.0548e-01,-2.9460e-01,8.6447e-01
2.5832e-01,-1.8768e-01,9.4765e-01
2.6453e-01,-1.8684e-01,9.4567e-01
2.6435e-01,-1.7724e-01,9.4765e-01
2.6463e-01,-1.9226e-01,9.4455e-01
1.7391e-01,-1.2636e-01,9.7662e-01
2.6449e-01,-1.2906e-01,9.5435e-01
1.4384e-01,-1.5975e-01,-9.7662e-01
2.1365e-01,-2.3729e-01,-9.4765e-01
2.3361e-01,-2.1512e-01,-9.4765e-01
2.7468e-01,-3.0506e-01,-9.1132e-01
3.4497e-01,-3.8313e-01,-8.5686e-01
3.4378e-01,-3.5242e-01,-8.6828e-01
3.6507e-01,-3.6081e-01,-8.5686e-01
3.0279e-01,-3.3628e-01,-8.9028e-01
4.1137e-01,-3.7212e-01,-8.2824e-01
4.6338e-01,-3.8483e-01,-7.9609e-01
4.0494e-01,-4.4973e-01,-7.9609e-01
4.6016e-01,-5.1106e-01,-7.2600e-01
4.8368e-01,-3.8694e-01,-7.8200e-01
5.0999e-01,-5.6640e-01,-6.4739e-01
5.5383e-01,-6.1509e-01,-5.6119e-01
5.9118e-01,-6.5658e-01,-4.6841e-01
6.2161e-01,-6.9036e-01,-3.7014e-01
6.4474e-01,-7.1606e-01,-2.6753e-01
6.6032e-01,-7.3336e-01,-1.6178e-01
6.6815e-01,-7.4205e-01,-5.4139e-02
6.9063e-01,-7.1709e-01,3.6713e-02
6.9719e-01,-7.0980e-01,5.4139e-02
6.6815e-01,-7.4205e-01,-2.3001e-02
6.9982e-01,-6.9414e-01,1.3296e-01
6.9379e-01,-6.9618e-01,1.6178e-01
7.0727e-01,-6.9163e-01,9.7286e-02
6.6010e-01,-7.0246e-01,2.5695e-01
6.5636e-01,-7.0315e-01,2.6753e-01
6.2161e-01,-6.9036e-01,3.7014e-01
6.3541e-01,-7.0569e-01,3.0893e-01
5.9118e-01,-6.5658e-01,4.6841e-01
5.5383e-01,-6.1509e-01,5.6119e-01
5.0999e-01,-5.6640e-01,6.4739e-01
4.6016e-01,-5.1106e-01,7.2600e-01
4.0494e-01,-4.4973e-01,7.9609e-01
3.4497e-01,-3.8313e-01,8.5686e-01
2.8096e-01,-3.1204e-01,9.0758e-01
3.3677e-01,-2.5006e-01,9.0758e-01
2.1365e-01,-2.3729e-01,9.4765e-01
2.6475e-01,-1.9505e-01,9.4377e-01
3.3172e-01,-2.4620e-01,9.1011e-01
1.4384e-01,-1.5975e-01,9.7662e-01
1.0749e-01,-1.8617e-01,-9.7662e-01
1.5965e-01,-2.7652e-01,-9.4765e-01
2.0994e-01,-3.6363e-01,-9.0758e-01
2.7878e-01,-3.1362e-01,-9.0758e-01
2.5778e-01,-4.4648e-01,-8.5686e-01
2.8026e-01,-3.1608e-01,-9.0605e-01
2.8861e-01,-3.2992e-01,-8.9747e-01
3.0259e-01,-5.2410e-01,-7.9609e-01
3.4385e-01,-5.9557e-01,-7.2600e-01
3.8108e-01,-6.6005e-01,-6.4739e-01
4.1384e-01,-7.1680e-01,-5.6119e-01
4.4176e-01,-7.6514e-01,-4.6841e-01
4.6449e-01,-8.0452e-01,-3.7014e-01
4.8177e-01,-8.3446e-01,-2.6753e-01
5.3974e-01,-8.1220e-01,-1.9415e-01
5.6988e-01,-7.9906e-01,-1.6178e-01
5.3127e-01,-8.1589e-01,-2.0325e-01
4.8787e-01,-8.4502e-01,-2.1214e-01
6.0003e-01,-7.8255e-01,-1.2149e-01
6.5041e-01,-7.5494e-01,-5.4139e-02
6.5516e-01,-7.5149e-01,-4.5809e-02
5.9572e-01,-7.0917e-01,3.7014e-01
5.7316e-01,-7.1051e-01,3.9661e-01
4.4176e-01,-7.6514e-01,4.6841e-01
4.5781e-01,-7.5847e-01,4.5964e-01
5.4552e-01,-7.1215e-01,4.2904e-01
4.4255e-01,-7.6653e-01,4.6496e-01
4.1384e-01,-7.1680e-01,5.6119e-01
3.8108e-01,-6.6005e-01,6.4739e-01
3.4385e-01,-5.9557e-01,7.2600e-01
3.0259e-01,-5.2410e-01,7.9609e-01
2.5778e-01,-4.4648e-01,8.5686e-01
2.0994e-01,-3.6363e-01,9.0758e-01
1.5965e-01,-2.7652e-01,9.4765e-01
1.0749e-01,-1.8617e-01,9.7662e-01
6.6430e-02,-2.0445e-01,-9.7662e-01
9.8670e-02,-3.0367e-01,-9.4765e-01
1.2975e-01,-3.9934e-01,-9.0758e-01
1.5931e-01,-4.9032e-01,-8.5686e-01
1.8701e-01,-5.7555e-01,-7.9609e-01
2.1251e-01,-6.5404e-01,-7.2600e-01
2.3552e-01,-7.2486e-01,-6.4739e-01
2.5577e-01,-7.8718e-01,-5.6119e-01
2.7302e-01,-8.4027e-01,-4.6841e-01
2.8707e-01,-8.8351e-01,-3.7014e-01
2.9775e-01,-9.1639e-01,-2.6753e-01
3.7927e-01,-8.9478e-01,-2.0623e-01
3.0221e-01,-9.3010e-01,-2.0204e-01
3.8636e-01,-7.8981e-01,4.6841e-01
2.5577e-01,-7.8718e-01,5.6119e-01
2.7190e-01,-8.3683e-01,4.7442e-01
2.3552e-01,-7.2486e-01,6.4739e-01
2.1251e-01,-6.5404e-01,7.2600e-01
1.8701e-01,-5.7555e-01,7.9609e-01
1.5931e-01,-4.9032e-01,8.5686e-01
1.2975e-01,-3.9934e-01,9.0758e-01
9.8670e-02,-3.0367e-01,9.4765e-01
6.6430e-02,-2.0445e-01,9.7662e-01
2.2471e-02,-2.1379e-01,-9.7662e-01
3.3376e-02,-3.1755e-01,-9.4765e-01
4.3890e-02,-4.1759e-01,-9.0758e-01
5.3890e-02,-5.1273e-01,-8.5686e-01
6.3258e-02,-6.0186e-01,-7.9609e-01
7.1884e-02,-6.8393e-01,-7.2600e-01
7.9668e-02,-7.5799e-01,-6.4739e-01
8.6517e-02,-8.2315e-01,-5.6119e-01
9.2352e-02,-8.7867e-01,-4.6841e-01
9.7105e-02,-9.2389e-01,-3.7014e-01
1.0072e-01,-9.5827e-01,-2.6753e-01
1.0315e-01,-9.8142e-01,-1.6178e-01
1.9217e-01,-9.6033e-01,-1.7146e-01
1.8489e-01,-9.6405e-01,-1.6178e-01
1.2215e-01,-9.8823e-01,-6.3679e-02
1.1605e-01,-9.9058e-01,-5.4139e-02
1.0438e-01,-9.9306e-01,-5.4139e-02
1.0438e-01,-9.9306e-01,-3.2141e-02
1.3270e-01,-9.1632e-01,3.7014e-01
9.7105e-02,-9.2389e-01,3.7014e-01
1.2381e-01,-9.2289e-01,3.5648e-01
9.8930e-02,-9.4126e-01,3.1830e-01
9.2352e-02,-8.7867e-01,4.6841e-01
1.7711e-01,-8.8078e-01,4.2563e-01
2.0616e-01,-8.5752e-01,4.6194e-01
2.3773e-01,-8.4777e-01,4.6841e-01
8.6517e-02,-8.2315e-01,5.6119e-01
2.6380e-01,-8.3942e-01,4.7300e-01
7.9668e-02,-7.5799e-01,6.4739e-01
7.1884e-02,-6.8393e-01,7.2600e-01
6.3258e-02,-6.0186e-01,7.9609e-01
5.3890e-02,-5.1273e-01,8.5686e-01
4.3890e-02,-4.1759e-01,9.0758e-01
3.3376e-02,-3.1755e-01,9.4765e-01
2.2471e-02,-2.1379e-01,9.7662e-01
-2.2471e-02,-2.1379e-01,-9.7662e-01
-3.3376e-02,-3.1755e-01,-9.4765e-01
-4.3890e-02,-4.1759e-01,-9.0758e-01
-5.3890e-02,-5.1273e-01,-8.5686e-01
-6.3258e-02,-6.0186e-01,-7.9609e-01
-7.1884e-02,-6.8393e-01,-7.2600e-01
-7.9668e-02,-7.5799e-01,-6.4739e-01
-7.8119e-02,-8.1986e-01,-5.6554e-01
-7.3985e-02,-8.2315e-01,-5.6119e-01
-8.5549e-02,-8.1394e-01,-5.7337e-01
-2.8136e-02,-8.5874e-01,-5.0172e-01
-2.4562e-03,-8.7867e-01,-4.6841e-01
1.8501e-02,-8.9630e-01,-4.3010e-01
3.5110e-03,-9.2389e-01,-3.7014e-01
1.9251e-02,-8.9492e-01,-4.3311e-01
-1.6241e-02,-9.4359e-01,-3.1135e-01
-3.0963e-02,-9.5827e-01,-2.6753e-01
-6.7182e-02,-9.7734e-01,-1.8044e-01
-7.4942e-02,-9.8142e-01,-1.6178e-01
-1.0438e-01,-9.9306e-01,-5.4139e-02
-1.0357e-01,-9.8545e-01,-1.2456e-01
-9.0175e-02,-9.8477e-01,-1.3082e-01
-1.0438e-01,-9.9306e-01,5.4139e-02
6.6513e-02,-9.9306e-01,5.4139e-02
2.9727e-02,-9.8142e-01,1.6178e-01
-1.0315e-01,-9.8142e-01,1.6178e-01
2.9277e-02,-9.8158e-01,1.6030e-01
5.8092e-02,-9.9047e-01,7.8146e-02
-1.0072e-01,-9.5827e-01,2.6753e-01
4.2526e-02,-9.7454e-01,1.9323e-01
7.2765e-02,-9.5827e-01,2.6753e-01
-9.7105e-02,-9.2389e-01,3.7014e-01
7.8661e-02,-9.5444e-01,2.7897e-01
-9.2352e-02,-8.7867e-01,4.6841e-01
-8.6517e-02,-8.2315e-01,5.6119e-01
-7.9668e-02,-7.5799e-01,6.4739e-01
-7.1884e-02,-6.8393e-01,7.2600e-01
-6.3258e-02,-6.0186e-01,7.9609e-01
-5.3890e-02,-5.1273e-01,8.5686e-01
-4.3890e-02,-4.1759e-01,9.0758e-01
-3.3376e-02,-3.1755e-01,9.4765e-01
-2.2471e-02,-2.1379e-01,9.7662e-01
-6.6430e-02,-2.0445e-01,-9.7662e-01
-9.8670e-02,-3.0367e-01,-9.4765e-01
-1.2975e-01,-3.9934e-01,-9.0758e-01
-1.5931e-01,-4.9032e-01,-8.5686e-01
-1.8701e-01,-5.7555e-01,-7.9609e-01
-2.1251e-01,-6.5404e-01,-7.2600e-01
-1.7980e-01,-7.3670e-01,-6.4739e-01
-1.8053e-01,-7.3610e-01,-6.4785e-01
-1.9806e-01,-7.3282e-01,-6.4739e-01
-2.3552e-01,-7.2486e-01,-6.4739e-01
-1.4135e-01,-7.6821e-01,-6.1719e-01
-2.3580e-01,-7.2573e-01,-6.4618e-01
-3.0856e-01,-9.4966e-01,-5.4139e-02
-2.8879e-01,-9.5272e-01,-6.4503e-02
-3.0843e-01,-9.4925e-01,-5.8134e-02
-3.0856e-01,-9.4966e-01,5.4139e-02
-3.0495e-01,-9.3853e-01,1.6178e-01
-2.9775e-01,-9.1639e-01,2.6753e-01
-2.8707e-01,-8.8351e-01,3.7014e-01
-2.7302e-01,-8.4027e-01,4.6841e-01
-2.5577e-01,-7.8718e-01,5.6119e-01
-2.3552e-01,-7.2486e-01,6.4739e-01
-2.1251e-01,-6.5404e-01,7.2600e-01
-1.8701e-01,-5.7555e-01,7.9609e-01
-1.5931e-01,-4.9032e-01,8.5686e-01
-1.2975e-01,-3.9934e-01,9.0758e-01
-9.8670e-02,-3.0367e-01,9.4765e-01
-6.6430e-02,-2.0445e-01,9.7662e-01
-1.0749e-01,-1.8617e-01,-9.7662e-01
-1.5965e-01,-2.7652e-01,-9.4765e-01
-2.0994e-01,-3.6363e-01,-9.0758e-01
-2.5778e-01,-4.4648e-01,-8.5686e-01
-3.0259e-01,-5.2410e-01,-7.9609e-01
-3.4385e-01,-5.9557e-01,-7.2600e-01
-3.8108e-01,-6.6005e-01,-6.4739e-01
-2.4058e-01,-7.2463e-01,-6.4494e-01
-3.9752e-01,-6.8852e-01,-6.0414e-01
-3.3233e-01,-9.3908e-01,-5.4139e-02
-4.9927e-01,-8.6476e-01,-5.4139e-02
-4.5218e-01,-8.8263e-01,-8.0225e-02
-4.1869e-01,-9.0063e-01,-5.4139e-02
-4.9599e-01,-8.5908e-01,-1.1436e-01
-4.9927e-01,-8.6476e-01,5.4139e-02
-4.0270e-01,-9.0775e-01,-4.3256e-02
-4.9341e-01,-8.5462e-01,1.6178e-01
-4.8177e-01,-8.3446e-01,2.6753e-01
-4.6449e-01,-8.0452e-01,3.7014e-01
-4.4176e-01,-7.6514e-01,4.6841e-01
-4.1384e-01,-7.1680e-01,5.6119e-01
-3.8108e-01,-6.6005e-01,6.4739e-01
-3.4385e-01,-5.9557e-01,7.2600e-01
-3.0259e-01,-5.2410e-01,7.9609e-01
-2.5778e-01,-4.4648e-01,8.5686e-01
-2.0994e-01,-3.6363e-01,9.0758e-01
-1.5965e-01,-2.7652e-01,9.4765e-01
-1.0749e-01,-1.8617e-01,9.7662e-01
-1.4384e-01,-1.5975e-01,-9.7662e-01
-2.1365e-01,-2.3729e-01,-9.4765e-01
-2.8096e-01,-3.1204e-01,-9.0758e-01
-3.4497e-01,-3.8313e-01,-8.5686e-01
-4.0494e-01,-4.4973e-01,-7.9609e-01
-4.6016e-01,-5.1106e-01,-7.2600e-01
-5.0999e-01,-5.6640e-01,-6.4739e-01
-5.5383e-01,-6.1509e-01,-5.6119e-01
-4.8582e-01,-6.6451e-01,-5.6119e-01
-5.9118e-01,-6.5658e-01,-4.6841e-01
-5.2315e-01,-6.7968e-01,-5.0400e-01
-5.4311e-01,-6.9151e-01,-4.6841e-01
-4.9368e-01,-6.6222e-01,-5.5656e-01
-6.2161e-01,-6.9036e-01,-3.7014e-01
-5.6994e-01,-7.1185e-01,-3.9837e-01
-5.8075e-01,-7.2005e-01,-3.7014e-01
-6.4474e-01,-7.1606e-01,-2.6753e-01
-5.9760e-01,-7.3919e-01,-2.9437e-01
-6.0356e-01,-7.4597e-01,-2.6753e-01
-6.6032e-01,-7.3336e-01,-1.6178e-01
-5.7440e-01,-7.8201e-01,-2.1267e-01
-5.3747e-01,-8.2261e-01,-1.6178e-01
-6.0454e-01,-7.4888e-01,-2.5418e-01
-6.6815e-01,-7.4205e-01,-5.4139e-02
-5.2204e-01,-8.3617e-01,-1.4415e-01
-6.6815e-01,-7.4205e-01,5.4139e-02
-6.6032e-01,-7.3336e-01,1.6178e-01
-6.4474e-01,-7.1606e-01,2.6753e-01
-6.0316e-01,-7.0938e-01,3.5660e-01
-5.6317e-01,-7.3282e-01,3.7014e-01
-6.2644e-01,-6.9573e-01,3.4872e-01
-5.2652e-01,-7.3208e-01,4.1826e-01
-4.9598e-01,-7.2575e-01,4.6841e-01
-5.5393e-01,-7.3776e-01,3.7326e-01
-4.7717e-01,-7.1773e-01,4.9772e-01
-4.3645e-01,-7.0037e-01,5.6119e-01
-4.3051e-01,-6.9073e-01,5.7613e-01
-4.5682e-01,-6.0502e-01,6.4739e-01
-4.2903e-01,-6.9554e-01,5.7213e-01
-4.6016e-01,-5.1106e-01,7.2600e-01
-4.7836e-01,-5.3128e-01,6.9728e-01
-4.0494e-01,-4.4973e-01,7.9609e-01
-3.4497e-01,-3.8313e-01,8.5686e-01
-2.8096e-01,-3.1204e-01,9.0758e-01
-2.1365e-01,-2.3729e-01,9.4765e-01
-1.4384e-01,-1.5975e-01,9.7662e-01
-1.7391e-01,-1.2636e-01,-9.7662e-01
-2.5832e-01,-1.8768e-01,-9.4765e-01
-3.3970e-01,-2.4680e-01,-9.0758e-01
-4.1709e-01,-3.0303e-01,-8.5686e-01
-4.8960e-01,-3.5571e-01,-7.9609e-01
-5.5636e-01,-4.0422e-01,-7.2600e-01
-6.1660e-01,-4.4799e-01,-6.4739e-01
-6.6961e-01,-4.8650e-01,-5.6119e-01
-7.1478e-01,-5.1932e-01,-4.6841e-01
-7.5156e-01,-5.4604e-01,-3.7014e-01
-7.7953e-01,-5.6636e-01,-2.6753e-01
-7.9836e-01,-5.8004e-01,-1.6178e-01
-8.0783e-01,-5.8692e-01,-5.4139e-02
-8.0783e-01,-5.8692e-01,5.4139e-02
-7.9836e-01,-5.8004e-01,1.6178e-01
-7.7953e-01,-5.6636e-01,2.6753e-01
-7.0214e-01,-6.2470e-01,3.2266e-01
-7.3353e-01,-5.9524e-01,3.1186e-01
-7.5827e-01,-5.5091e-01,3.4552e-01
-5.5636e-01,-4.0422e-01,7.2600e-01
-5.3866e-01,-4.6611e-01,6.9600e-01
-4.8501e-01,-5.0708e-01,7.0922e-01
-5.8882e-01,-4.2780e-01,6.8364e-01
-4.8960e-01,-3.5571e-01,7.9609e-01
-4.1709e-01,-3.0303e-01,8.5686e-01
-3.3970e-01,-2.4680e-01,9.0758e-01
-2.5832e-01,-1.8768e-01,9.4765e-01
-1.7391e-01,-1.2636e-01,9.7662e-01
-1.9639e-01,-8.7436e-02,-9.7662e-01
-2.9170e-01,-1.2987e-01,-9.4765e-01
-3.8359e-01,-1.7078e-01,-9.0758e-01
-4.7098e-01,-2.0969e-01,-8.5686e-01
-5.5285e-01,-2.4615e-01,-7.9609e-01
-6.2824e-01,-2.7971e-01,-7.2600e-01
-6.9627e-01,-3.1000e-01,-6.4739e-01
-7.5613e-01,-3.3665e-01,-5.6119e-01
-8.0713e-01,-3.5936e-01,-4.6841e-01
-8.4866e-01,-3.7785e-01,-3.7014e-01
-8.8025e-01,-3.9191e-01,-2.6753e-01
-9.0151e-01,-4.0138e-01,-1.6178e-01
-9.1221e-01,-4.0614e-01,-5.4139e-02
-9.1221e-01,-4.0614e-01,5.4139e-02
-9.0151e-01,-4.0138e-01,1.6178e-01
-8.8025e-01,-3.9191e-01,2.6753e-01
-8.4866e-01,-3.7785e-01,3.7014e-01
-7.6830e-01,-5.1704e-01,3.7014e-01
-7.8436e-01,-4.3584e-01,4.2815e-01
-7.8974e-01,-4.0865e-01,4.4757e-01
-8.0713e-01,-3.5936e-01,4.6841e-01
-7.8144e-01,-4.0385e-01,4.6841e-01
-7.2951e-01,-3.8275e-01,5.6119e-01
-7.5613e-01,-3.3665e-01,5.6119e-01
-7.4433e-01,-3.8877e-01,5.3471e-01
-6.9627e-01,-3.1000e-01,6.4739e-01
-6.8720e-01,-3.7003e-01,6.1807e-01
-6.6612e-01,-3.6369e-01,6.4642e-01
-6.6444e-01,-3.6513e-01,6.4739e-01
-6.2824e-01,-2.7971e-01,7.2600e-01
-6.1977e-01,-4.0215e-01,6.6880e-01
-5.5285e-01,-2.4615e-01,7.9609e-01
-4.7098e-01,-2.0969e-01,8.5686e-01
-3.8359e-01,-1.7078e-01,9.0758e-01
-2.9170e-01,-1.2987e-01,9.4765e-01
-1.9639e-01,-8.7436e-02,9.7662e-01
-2.1027e-01,-4.4695e-02,-9.7662e-01
-3.1232e-01,-6.6387e-02,-9.4765e-01
-4.1071e-01,-8.7300e-02,-9.0758e-01
-5.0429e-01,-1.0719e-01,-8.5686e-01
-5.9195e-01,-1.2582e-01,-7.9609e-01
-6.7267e-01,-1.4298e-01,-7.2600e-01
-7.4551e-01,-1.5846e-01,-6.4739e-01
-8.0960e-01,-1.7209e-01,-5.6119e-01
-8.6421e-01,-1.8369e-01,-4.6841e-01
-9.0868e-01,-1.9315e-01,-3.7014e-01
-9.4249e-01,-2.0033e-01,-2.6753e-01
-9.6526e-01,-2.0517e-01,-1.6178e-01
-9.7671e-01,-2.0761e-01,-5.4139e-02
-9.7671e-01,-2.0761e-01,5.4139e-02
-9.6492e-01,-2.0648e-01,1.6108e-01
-9.6477e-01,-2.0670e-01,1.6178e-01
-9.6576e-01,-2.0528e-01,1.5714e-01
-9.4249e-01,-2.0033e-01,2.6753e-01
-9.5082e-01,-2.1655e-01,2.0847e-01
-9.4934e-01,-2.0179e-01,2.3572e-01
-9.0868e-01,-1.9315e-01,3.7014e-01
-8.6421e-01,-1.8369e-01,4.6841e-01
-8.0960e-01,-1.7209e-01,5.6119e-01
-7.4551e-01,-1.5846e-01,6.4739e-01
-6.7267e-01,-1.4298e-01,7.2600e-01
-5.9195e-01,-1.2582e-01,7.9609e-01
-5.0429e-01,-1.0719e-01,8.5686e-01
-4.1071e-01,-8.7300e-02,9.0758e-01
-3.1232e-01,-6.6387e-02,9.4765e-01
-2.1027e-01,-4.4695e-02,9.7662e-01
-9.8949e-01,-5.5751e-02,-8.3389e-02
-9.8585e-01,-1.0529e-01,-6.9002e-02
-9.8654e-01,-1.1408e-01,-5.4139e-02
-9.8456e-01,-1.3293e-01,-1.5190e-02
-9.8104e-01,-1.6649e-01,5.4139e-02
-9.7839e-01,-1.7320e-01,7.1977e-02
-9.4462e-01,-1.8009e-01,2.6753e-01
-9.4011e-01,-1.6503e-01,2.8561e-01
-9.1903e-01,-9.4646e-02,3.7014e-01
-8.9483e-01,-2.7431e-02,4.3771e-01
-3.3799e-02,-6.3481e-01,1.8152e+00
7.5034e-01,-1.1582e+00,1.3396e+00
4.3576e+00,-1.6415e+00,7.8189e+00
3.5735e+00,-1.1180e+00,8.2945e+00
-3.8582e-03,4.1891e-01,1.8771e+00
3.6034e+00,-6.4327e-02,8.3565e+00
8.1022e-01,9.4919e-01,1.4634e+00
4.4175e+00,4.6595e-01,7.9428e+00
1.5944e+00,4.2575e-01,9.8784e-01
5.2017e+00,-5.7484e-02,7.4672e+00
1.5644e+00,-6.2797e-01,9.2592e-01
5.1717e+00,-1.1112e+00,7.4053e+00
1.0597e+00,-9.5672e-01,1.1824e+00
1.1189e+00,-9.2627e-01,1.1760e+00
1.1497e+00,-9.1039e-01,1.1727e+00
1.1613e+00,-8.9058e-01,1.1308e+00
1.1399e+00,-7.7924e-01,1.0605e+00
-1.6079e+00,-1.1579e+00,3.2818e-02
-1.1975e+00,-1.4822e+00,1.7309e-01
-5.9688e+00,-6.4265e+00,4.5968e+00
-9.9734e-01,-1.8364e+00,3.7769e-01
-9.6231e-01,-1.8984e+00,4.1350e-01
-9.6015e-01,-1.8985e+00,4.1310e-01
-6.7515e+00,-5.8079e+00,4.3293e+00
-1.7521e+00,-6.7199e-01,3.8596e-01
-1.7997e+00,-6.8388e-01,4.3742e-01
-1.8494e+00,-6.1940e-01,5.2018e-01
-1.9628e+00,-4.7215e-01,7.0918e-01
-6.9927e+00,-4.9955e+00,4.9197e+00
-1.9736e+00,-4.5806e-01,7.2726e-01
-1.3077e+00,-1.5167e-01,1.4812e+00
-1.6536e+00,-2.7551e-01,9.3302e-01
-6.4513e+00,-4.8016e+00,5.7777e+00
-5.2499e-01,-7.7025e-01,1.7487e+00
-5.6686e+00,-5.4202e+00,6.0452e+00
-2.8374e-01,-1.5827e+00,1.1583e+00
-5.4274e+00,-6.2326e+00,5.4548e+00
-7.3204e-01,-1.7431e+00,4.4792e-01
-9.2996e-01,-1.8779e+00,4.1771e-01
-7.8893e-01,-1.3093e+00,3.0490e-01
-1.2121e+00,-1.2598e+00,1.6475e-01
-7.1021e-01,-1.3185e+00,3.3097e-01
-7.0573e-01,-1.3191e+00,3.3245e-01
-7.2943e-01,-1.3163e+00,3.2461e-01
-7.4031e-01,-1.3150e+00,3.2100e-01
-7.7544e-01,-1.3109e+00,3.0937e-01
-1.3443e+00,-7.0585e-01,3.1174e-01
-1.2859e+00,-6.5617e-01,3.3873e-01
-1.1577e+00,-3.8671e-01,5.0860e-01
-1.1765e+00,-3.5584e-01,6.3642e-01
-1.2122e+00,-2.9732e-01,8.7870e-01
-1.1741e+00,-3.5975e-01,6.2024e-01
-1.1690e+00,-3.6813e-01,5.8555e-01
-1.1665e+00,-3.7223e-01,5.6855e-01
-1.1599e+00,-3.8316e-01,5.2329e-01
-6.6571e-01,-1.5969e+00,5.0659e-01
-6.9565e-01,-1.3413e+00,3.5823e-01
-8.5612e-01,1.2888e+00,1.0345e+00
-1.0762e-01,1.2002e+00,1.4185e+00
-8.0448e-01,8.4297e+00,4.4451e+00
-1.5530e+00,8.5183e+00,4.0611e+00
-8.9533e-01,1.6119e+00,2.5375e-01
-1.5922e+00,8.8414e+00,3.2804e+00
-1.8604e-01,1.8464e+00,-1.4306e-01
-8.8290e-01,9.0758e+00,2.8836e+00
5.6246e-01,1.7578e+00,2.4091e-01
-1.3440e-01,8.9872e+00,3.2675e+00
6.0167e-01,1.4347e+00,1.0217e+00
-9.5194e-02,8.6642e+00,4.0483e+00
1.8891e+00,-5.9801e+00,-1.1210e-01
3.5810e-02,-2.4915e+00,-4.5370e-02
2.6976e-01,-2.3083e+00,-6.7729e-01
-6.2383e-02,-2.3758e+00,2.7308e-02
-3.6425e-01,-2.0202e+00,2.5073e-01
1.3645e+00,-6.0463e+00,9.6040e-01
-4.6184e-01,-1.9052e+00,3.2296e-01
-4.8820e-01,-1.5946e+00,4.2780e-01
-4.5758e-01,-1.6458e+00,4.4679e-01
-1.4223e-03,-1.2526e+00,1.2551e+00
1.9357e+00,-5.6450e+00,1.9312e+00
7.7819e-01,-9.1993e-01,1.1828e+00
3.0315e+00,-5.1774e+00,1.8295e+00
1.6190e+00,-7.1871e-01,8.0930e-02
3.5561e+00,-5.1111e+00,7.5704e-01
1.0478e+00,-1.1201e+00,-8.8989e-01
2.9849e+00,-5.5124e+00,-2.1378e-01
3.6331e-01,-2.1200e+00,-7.1030e-01
6.6340e-01,-1.5159e+00,-8.1621e-01
6.4091e-01,-1.4786e+00,-8.2182e-01
4.9896e-01,-1.3543e+00,-8.3896e-01
7.8009e-03,-1.1500e+00,-1.0320e-01
-1.6025e-02,-1.1539e+00,-5.6300e-02
-3.3980e-01,-1.3939e+00,2.3632e-01
3.0424e-02,-1.1462e+00,-1.4773e-01
3.7239e-02,-1.1450e+00,-1.6115e-01
6.6687e-02,-1.1401e+00,-2.1911e-01
7.5359e-02,-1.1387e+00,-2.3618e-01
7.9649e-02,-1.1379e+00,-2.4463e-01
1.2263e-01,-1.1308e+00,-3.2923e-01
1.2721e-01,-1.1300e+00,-3.3825e-01
-4.0637e-01,-1.4839e+00,3.2222e-01
-4.0192e-01,-1.4779e+00,3.1648e-01
-3.9384e-01,-1.4670e+00,3.0605e-01
-3.9152e-01,-1.4638e+00,3.0306e-01
-3.8436e-01,-1.4542e+00,2.9382e-01
-3.7572e-01,-1.4425e+00,2.8268e-01
-3.7295e-01,-1.4387e+00,2.7910e-01
-3.5161e-01,-1.4098e+00,2.5157e-01
-3.4036e-01,-1.3946e+00,2.3705e-01
1.0298e+00,-7.7641e-01,1.0681e+00
4.1491e-01,-1.2664e+00,-6.8050e-01
-1.4446e+00,-4.1764e-01,-4.2657e-01
-6.1202e+00,-3.0623e-01,1.1719e+00
-6.2269e+00,3.8665e-04,3.8645e-01
-1.3952e+00,4.1924e-01,-5.6643e-01
-6.1776e+00,8.3727e-01,2.4659e-01
-1.2391e+00,9.4951e-01,7.9187e-02
-6.0215e+00,1.3675e+00,8.9221e-01
-1.1324e+00,6.4289e-01,8.6466e-01
-5.9147e+00,1.0609e+00,1.6777e+00
-1.1817e+00,-1.9399e-01,1.0045e+00
-5.9641e+00,2.2404e-01,1.8175e+00
1.5923e+00,7.2682e-01,4.7464e-01
1.8091e+00,-7.3422e-02,1.0387e-01
8.1819e+00,2.4921e+00,-1.7073e+00
7.9651e+00,3.2924e+00,-1.3366e+00
1.1913e+00,1.3671e+00,-2.9416e-02
7.5641e+00,3.9327e+00,-1.8406e+00
1.0070e+00,1.2071e+00,-9.0425e-01
7.3798e+00,3.7727e+00,-2.7154e+00
1.0805e+00,9.3617e-01,-1.0298e+00
1.6961e+00,8.8390e-01,-1.3093e+00
1.8369e+00,7.4208e-01,-1.4185e+00
7.5966e+00,2.9724e+00,-3.0862e+00
1.8996e+00,6.7893e-01,-1.4671e+00
1.8842e+00,-9.4171e-02,-8.7150e-01
1.8980e+00,5.9830e-01,-1.4049e+00
7.9976e+00,2.3322e+00,-2.5822e+00
1.8835e+00,-1.2927e-01,-8.4446e-01
1.6726e+00,-1.9191e-01,-5.4414e-01
1.7639e+00,-1.6151e-01,-6.3873e-01
9.5943e-01,9.3329e-01,-7.9355e-01
8.8344e-01,5.0628e-01,-6.1751e-01
8.7503e-01,3.2078e-01,-5.8903e-01
9.8886e-01,1.9673e-01,-5.4683e-01
1.1554e+00,1.5232e-02,-4.8510e-01
9.7457e-01,2.1230e-01,-5.5213e-01
9.5766e-01,2.3073e-01,-5.5840e-01
8.8599e-01,3.0883e-01,-5.8497e-01
1.3054e+00,-3.0851e-02,-4.4854e-01
1.5724e+00,-1.1285e-01,-3.8349e-01
1.6466e+00,-1.6058e-01,-4.6101e-01
1.2915e+00,-2.6582e-02,-4.5192e-01
1.2835e+00,-2.4121e-02,-4.5387e-01
1.2361e+00,-9.5543e-03,-4.6543e-01
1.2195e+00,-4.4456e-03,-4.6948e-01
1.1579e+00,1.4463e-02,-4.8449e-01
-1.1607e+00,-6.7433e-01,-1.2787e+00
-4.5056e-02,-9.3667e-01,-1.5993e+00
-1.8580e+00,-6.0389e+00,-3.7332e+00
-2.9736e+00,-5.7766e+00,-3.4127e+00
-1.5584e+00,-9.8389e-01,-2.0067e-01
-3.3714e+00,-6.0862e+00,-2.3346e+00
-2.6535e+00,-6.6580e+00,-1.5771e+00
-1.5378e+00,-6.9204e+00,-1.8977e+00
6.7283e-01,-1.5086e+00,-8.4177e-01
-1.1401e+00,-6.6108e+00,-2.9757e+00
-1.4859e+00,5.4471e-01,-8.9474e-01
-1.2280e+00,1.3298e+00,-1.6943e-01
-3.2702e+00,5.5399e+00,-4.0006e+00
-3.5281e+00,4.7548e+00,-4.7259e+00
-7.4683e-01,2.2275e-01,-1.6425e+00
-2.7891e+00,4.4328e+00,-5.4737e+00
2.5016e-01,6.8594e-01,-1.6650e+00
-1.7921e+00,4.8960e+00,-5.4962e+00
5.0808e-01,1.4711e+00,-9.3965e-01
-1.5342e+00,5.6811e+00,-4.7708e+00
-2.3100e-01,1.7930e+00,-1.9189e-01
-2.2732e+00,6.0031e+00,-4.0231e+00
2.4163e-01,6.8316e-01,-1.6448e+00
2.6193e-03,5.8497e-01,-1.4232e+00
1.0208e-01,6.3775e-01,-1.3150e+00
1.4811e-01,7.2244e-01,-1.2911e+00
3.0423e-01,1.0097e+00,-1.2100e+00
3.2392e-01,1.0386e+00,-1.2136e+00
3.4157e-01,1.0402e+00,-1.2633e+00
3.6270e-01,1.0420e+00,-1.3228e+00
2.4338e-01,6.8836e-01,-1.6401e+00
1.4521e-01,7.1710e-01,-1.2926e+00
2.4326e-01,6.8799e-01,-1.6404e+00
1.4255e-01,7.1221e-01,-1.2940e+00
2.4314e-01,6.8765e-01,-1.6407e+00
1.2856e-01,6.8647e-01,-1.3012e+00
2.4258e-01,6.8597e-01,-1.6423e+00
1.2785e-01,6.8516e-01,-1.3016e+00
2.4255e-01,6.8589e-01,-1.6423e+00
1.2507e-01,6.8005e-01,-1.3030e+00
2.4244e-01,6.8557e-01,-1.6426e+00
1.0799e-01,6.4862e-01,-1.3119e+00
2.4183e-01,6.8375e-01,-1.6442e+00
1.0067e+00,-1.0529e+00,-7.5194e-01
7.2060e-02,-8.9794e-01,-1.3696e+00
2.1569e+00,-9.1449e-01,-4.5284e+00
3.0916e+00,-1.0694e+00,-3.9107e+00
1.5883e+00,-1.6012e-01,-3.7272e-01
3.6732e+00,-1.7667e-01,-3.5315e+00
3.3202e+00,8.7100e-01,-3.7700e+00
2.3856e+00,1.0259e+00,-4.3877e+00
-2.8094e-01,1.4974e-01,-1.6081e+00
1.8039e+00,1.3319e-01,-4.7669e+00
